,x,y,z
0,1.9846017998089105,0.8944968521606562,0.18252712264717744
1,-1.3077886462317139,-1.3289253569897992,-1.3097651976480356
2,-1.3110229434883842,-1.3178018398910771,1.4348893068359732
3,-1.3271848373004373,1.442457107042389,-1.338980134246874
4,-1.3247154676458976,1.4634717046590917,1.4379676683845466
5,1.5004391681952594,-1.347080463436409,-1.3455493634731723
6,1.5087525149808125,-1.3099201097759483,1.4440355900855808
7,1.471284431314194,1.4821714567509585,-1.4092767632364391
8,1.4293554219616558,1.6381849105116983,1.6948157411323104
9,-2.838195859728091,0.05467681776482378,0.049189351297623155
10,0.09027602696431591,-2.8289139467890037,0.06828079477611962
11,0.05666735864649606,0.040853605010480964,-2.83885094254573
12,0.060741797587618725,0.06713216898511457,2.9491365439347144
13,0.053198773364702356,2.969412754840226,0.04037778840717573
14,3.3598473879339257,-0.157450412295997,-0.0375369791711132
15,-2.7858453389767606,-2.798807286144682,0.05524852050264787
16,-2.8001785365330414,0.03110942857314526,-2.786488746096226
17,-2.8134392750123745,0.04980855416312582,2.8657712417620407
18,-2.8241857978727003,2.8806405591792994,0.02682053995491289
19,0.047419440563890664,-2.8111234534296226,-2.779292489984612
20,0.06616844415526839,-2.7907079095284364,2.882629408218729
21,0.026994686784376172,2.8939914175250365,-2.833379350560533
22,-0.009921879681204938,2.9841032396531935,2.945545631499574
23,2.942233228067288,-2.8139606348966537,0.03586140757486968
24,2.9178798749130066,0.020888820479732152,-2.8358368147132316
25,2.9637113920756883,0.06285217135097357,2.8791553646953947
26,2.9661427802052467,2.9317516066385396,0.017879370404326456
27,-4.235251097560109,-1.3974445829716264,-1.377530979173572
28,-4.247447432208865,-1.3928162218795854,1.45123350346191
29,-4.255645386472192,1.4516399422820676,-1.3981462181532478
30,-4.265692767458036,1.4591179333495181,1.447481706377195
31,-1.3699773335808905,-4.241708685055975,-1.3551203479184826
32,-1.3716688680866718,-4.237276627022861,1.4700623848141257
33,-1.3956301130844913,-1.403275945667453,-4.216077491574872
34,-1.393124014719447,-1.3808507324658759,4.296737468148004
35,-1.4039465883711855,1.4496029989359012,-4.242486216158257
36,-1.4077175421741601,1.4794395501340285,4.307611347781507
37,-1.4117095922896559,4.311124485641412,-1.4107815371901895
38,-1.4189015290480183,4.3298558039059305,1.4470063029636335
39,1.4765903154142799,-4.251433069369544,-1.3753756649721829
40,1.4928401796815032,-4.2410168364135234,1.4734971239671117
41,1.4468367149902042,-1.4064459063972796,-4.247725104373469
42,1.4956897969638547,-1.369354823849714,4.305787265692494
43,1.455710258468569,1.454219134647008,-4.263250954038828
44,1.4966855224531714,1.5094019810454644,4.316637850093149
45,1.4764614663046227,4.3186078788379305,-1.4193383785175724
46,1.4877994491719153,4.341637570761972,1.4639288707419515
47,4.424809136458302,-1.5137169691731036,-1.5355933676926798
48,4.428729804651679,-1.460083338672935,1.5210464357356763
49,4.386610557027365,1.4814971566300914,-1.4674245163499415
50,4.38941414205281,1.4941705920623607,1.4634780478247236
51,-2.7883794921530782,-2.8084832064266814,-2.7647376760827203
52,-2.8003151860125914,-2.797666899385903,2.855997038726448
53,-2.820799615680183,2.8600783923306583,-2.814015134770841
54,-2.831701623108314,2.879091269585005,2.8597558128658473
55,2.8554474006264674,-2.8450208652057594,-2.839861685611091
56,2.9006555615005523,-2.8096167036943758,2.8862393834737143
57,2.89296011104237,2.8862775589803364,-2.8538321163335927
58,2.9671164911381602,2.9634549808040243,2.9167414197891204
59,-5.693988382021157,0.017986538538137805,0.018205100445889813
60,0.047348768265552774,-5.68478971042559,0.05026968029401663
61,0.005618706653108024,0.013731028426981595,-5.677918028038655
62,0.03632508158737899,0.0487244925032317,5.717662428987664
63,0.02358260492466666,5.734713926873212,0.011697355489038158
64,5.829611692571195,0.017746208821151653,-0.004582598822014748
65,-4.238198112740366,-4.252811673688142,-1.3775859564981128
66,-4.247889728910577,-4.250905512186335,1.4450403825862763
67,-4.245454258972825,-1.4137764095210088,-4.221939634591002
68,-4.2649392713964085,-1.3999478061800046,4.276410001908005
69,-4.260657531127428,1.4320166440318352,-4.2449753192581365
70,-4.279399021363368,1.448951193360814,4.282003164442472
71,-4.276536536044389,4.288849893525589,-1.4152006680014815
72,-4.284419206382563,4.293973443790926,1.4362899497307873
73,-1.404366656575251,-4.2597006661563075,-4.21533710113072
74,-1.3994739025094307,-4.248662250150122,4.286254556539127
75,-1.4239413950132576,4.294124024791151,-4.272565752905842
76,-1.4460324340800845,4.33759010430593,4.320624580453367
77,1.420839372364628,-4.2747228399130694,-4.2500203408456505
78,1.459625240459867,-4.256958393256115,4.3011997202018994
79,1.441533464608297,4.298169511647433,-4.283775746790498
80,1.4712717764728789,4.347052341232013,4.321143158579259
81,4.307751923164626,-4.274122900889627,-1.4236988244023128
82,4.324233022051963,-4.26798637327151,1.4592175663409228
83,4.293003916379384,-1.4334859885478388,-4.289959240296784
84,4.340424805514027,-1.4001059463990546,4.313022476802983
85,4.300402348581148,1.4413832992745264,-4.296862212811521
86,4.354128140649519,1.4789386114718694,4.317507200381442
87,4.3402384533426694,4.320450697639028,-1.4478811951367518
88,4.363816018659486,4.342537414851636,1.4374774380368809
89,-5.682296174929365,-2.8330289290966526,0.021522599415452
90,-5.6857492252722635,0.008574311922625814,-2.8205611536173976
91,-5.703882025929586,0.016134553280972762,2.855625847306289
92,-5.707666654309192,2.863102443746827,0.009285249342417447
93,-2.815033882173471,-5.682280546069456,0.04038531257837665
94,-2.8373992220842235,0.00702256210746447,-5.664023399017089
95,-2.8454436825381277,0.029166733389938995,5.708816280278856
96,-2.8575605538729016,5.725245797605131,0.007964311084607514
97,0.023203065679575852,-5.6901938253296205,-2.7999077057030552
98,0.03390294897035264,-5.685730290581056,2.8767775012544123
99,-0.0031237431422756847,-2.842466261798881,-5.665615961971799
100,0.028153794302225966,-2.8199564553338305,5.70934120768012
101,0.003685658954529254,2.8641243760208948,-5.697012982027898
102,0.02017149309194393,2.900943664193281,5.726393441554729
103,0.01188981093836535,5.721548829258136,-2.850800223376745
104,0.014389487663663299,5.74182221196885,2.8747199446930694
105,2.887731882310773,-5.691764940063921,0.0307921030276679
106,2.8519691895114185,0.00408942145942456,-5.701130452182494
107,2.903930139596278,0.043677505740646466,5.7275945403502
108,2.901266031170232,5.739086922163585,0.0010641243685842172
109,5.763949813484197,-2.8635254875171876,0.006322915701429376
110,5.75845730257336,0.012202103221957184,-2.893692949198517
111,5.78436310561816,0.03745476714520371,2.8889394009639653
112,5.778231023702321,2.8957598296047404,-0.008590362043666538
113,-5.678220651423102,-2.840186014243209,-2.812053760374765
114,-5.694294745560502,-2.837079159066809,2.854993859875448
115,-5.702319209610337,2.8576244617108806,-2.840432296559547
116,-5.718076938369654,2.864025242682808,2.857738831658991
117,-2.8216270596635185,-5.687887302081835,-2.7969109702796597
118,-2.8310732986184126,-5.6856572202374736,2.8643495380249373
119,-2.835530643641443,-2.842249891379471,-5.653979381171587
120,-2.8407061984339506,-2.828194994263125,5.703237351977697
121,-2.850258644286019,2.856214902660665,-5.689798915005201
122,-2.860683830876626,2.8756612989636725,5.719284203493106
123,-2.8547879000769596,5.716829737121276,-2.8484909664486575
124,-2.8648624752800314,5.730082709399131,2.863132597402743
125,2.859904910194685,-5.702157338856101,-2.835241370411263
126,2.8843386162306768,-5.698947262781513,2.8803140658772066
127,2.838790847372,-2.856363807511091,-5.697496770484143
128,2.8850674787569894,-2.834125054541999,5.723671764770082
129,2.860278760427119,2.86376396680163,-5.716348963848628
130,2.9045513715277265,2.9056306022889324,5.738158313983074
131,2.8788582151186004,5.72704857872329,-2.866314963928667
132,2.9050057192673013,5.751025855351224,2.8732223164697084
133,5.763545921688811,-2.902768310939593,-2.9107065612955916
134,5.774671806493204,-2.870985248432066,2.905870472632045
135,5.755069357391151,2.886210554407609,-2.8949419549326745
136,5.779743115767122,2.9083076048442127,2.882078600044168
137,-4.247343181542286,-4.261472121230853,-4.223219982077796
138,-4.262221709452965,-4.256375359183283,4.274530246308416
139,-4.275472739646844,4.279673563316437,-4.267533256510253
140,-4.290082692955287,4.291233515496385,4.2840059985287064
141,4.271317990262747,-4.288009458020052,-4.284589226557833
142,4.306117349713596,-4.273937768048041,4.303475793087655
143,4.299675310980808,4.29685936691398,-4.302761277361233
144,4.3515138853779884,4.344634605217103,4.3231553213729885
145,-7.123271093960497,-1.419781098026071,-1.4105699276485615
146,-7.129935205124201,-1.4193410150224839,1.4302251856567956
147,-7.132527618721895,1.4310739050311747,-1.4178242970371793
148,-7.1404984994645835,1.4322291760216144,1.429219258313763
149,-1.3999862694624374,-7.12194413468515,-1.385001817065473
150,-1.4021020255124115,-7.122003953362377,1.451261388652296
151,-1.4293280338722076,-1.422079334634641,-7.103204149840097
152,-1.4139472178369688,-1.4013215269889823,7.129090218681302
153,-1.4292798387997718,1.42936582868588,-7.116621406129205
154,-1.4184123041684158,1.4517173529869953,7.138675141854305
155,-1.4245411431934236,7.143336296829311,-1.4230351853477674
156,-1.4253911698168056,7.149091177687178,1.4341310618465033
157,1.448725407662031,-7.1265825965212315,-1.3959069550881276
158,1.454898477000729,-7.127414891413734,1.4536390875086223
159,1.4111936659795565,-1.427296327185486,-7.117708703635731
160,1.4497459999394495,-1.4014366570604837,7.1372763735851095
161,1.420616105246702,1.4296879086356693,-7.12786526775585
162,1.452617109068845,1.4605443984785227,7.145940050781657
163,1.4442545785200336,7.145887910179316,-1.4280016604574317
164,1.4497063664553471,7.15205462904868,1.4344430767339498
165,7.163653080265387,-1.4373473583634269,-1.4534158110802609
166,7.174739635453853,-1.4269653489902592,1.444911071706459
167,7.1770647568258905,1.4502768597506601,-1.45591988566007
168,7.186292092419272,1.460393382831296,1.4375316370698155
169,-5.688839896435342,-5.695203231986158,0.016011517459408868
170,-5.692778422826594,-0.0028676118225699565,-5.678542063017447
171,-5.710311586019696,0.009237336364071369,5.704777959344395
172,-5.717301734407116,5.711367986944346,0.0031988480003568315
173,-0.009573449974746077,-5.704360293653184,-5.678196218941865
174,0.010125475781328096,-5.696070506657465,5.712677847225535
175,0.0007768591466982636,5.714272994136025,-5.710807582394024
176,0.006263362532841481,5.7380857066024475,5.727849951240213
177,5.724121910046465,-5.704248560978439,0.00783937726650515
178,5.708108947352792,-0.003725898752290086,-5.724525483603637
179,5.7473355084733635,0.020404387148449683,5.736791296048865
180,5.756097445043031,5.740599739522644,-0.013976528232039981
181,-7.120565224125719,-4.273459196499095,-1.4107280902067298
182,-7.125462706195666,-4.273492500857532,1.429896367240817
183,-7.119889040376868,-1.425888352539362,-4.256734162267649
184,-7.135108860323974,-1.4219577514971857,4.278185202575636
185,-7.128376256636459,1.424147402311206,-4.267138836857978
186,-7.144399492715269,1.4298146046389202,4.280997480050188
187,-7.141049686408427,4.281826615686134,-1.4242312927025407
188,-7.147414595832295,4.283251808447717,1.4283203835231533
189,-4.260383427906428,-7.124139094813068,-1.399202672331336
190,-4.266344998555768,-7.12433877969351,1.4382800012889068
191,-4.269225009954553,-1.4258697768685944,-7.103903143352786
192,-4.278360924774141,-1.4135027585952327,7.130704717830786
193,-4.2766457089898715,1.4225782347715668,-7.115778797624977
194,-4.2863889815734675,1.4369195692545644,7.1375091379930895
195,-4.288349051792843,7.140435384028242,-1.4250142527158611
196,-4.2926604046971875,7.14375361683811,1.4306147240346716
197,-1.4181097594055185,-7.126217017523484,-4.243870807201737
198,-1.4174111153172346,-7.124545443420992,4.2874070504834645
199,-1.432378503521316,-4.275562744403542,-7.1048497734971745
200,-1.4189483834525314,-4.263452054107874,7.130353821877984
201,-1.4305060273284387,4.283214895541674,-7.131801501493951
202,-1.4293187462759138,4.300401397013575,7.1464584840846745
203,-1.4270470409166567,7.139924085032245,-4.281851828412022
204,-1.430829484091054,7.152299824936074,4.291369026794048
205,1.4246410469535717,-7.131286906959564,-4.260276904892363
206,1.4399506022122994,-7.132385152238407,4.294009723857017
207,1.4070305735420348,-4.28216440795847,-7.1184005843382705
208,1.4368313826141257,-4.2699502902232425,7.137458238060712
209,1.4258031871691146,4.285199366570413,-7.13875384944287
210,1.4425302828612643,4.308442594210458,7.153655255899432
211,1.4328474374989788,7.142400201187193,-4.286564454041548
212,1.4432643428863763,7.157062598631123,4.293173385381311
213,4.290668002913774,-7.130799111983728,-1.4170892976640974
214,4.300166795879201,-7.132806601351229,1.4421734870598042
215,4.2669395685158005,-1.434000877726026,-7.13609783576086
216,4.303556470748551,-1.4149911952180423,7.149824765925486
217,4.275039008409971,1.4236074181525107,-7.1437111273459175
218,4.3110208942706345,1.4512409584257793,7.159293840896106
219,4.306660642110009,7.152609669576282,-1.4395972452648178
220,4.316665435921248,7.159908058344401,1.4270865764144254
221,7.157525314221392,-4.291359259434173,-1.4310124412545675
222,7.16319384133229,-4.286206370275706,1.436200024504848
223,7.1517322973979205,-1.431985242301638,-4.308890374952312
224,7.171491080123603,-1.4175927560167643,4.307708516276527
225,7.1567488307945295,1.4325626610578572,-4.312932063797018
226,7.179237071686479,1.4531691194997567,4.309053885868358
227,7.174492719252628,4.303853587833483,-1.4496640360460864
228,7.182254225850394,4.313733329019181,1.426819201283063
229,-5.685762395298471,-5.696121417145294,-2.823837665556727
230,-5.696631836487512,-5.696220003928778,2.855508983017665
231,-5.686669952427546,-2.848657319838979,-5.671947482820814
232,-5.70256175844453,-2.842791793441928,5.702741848386707
233,-5.703917513983963,2.8499540623942843,-5.695114967111472
234,-5.718964944786553,2.8602274502928378,5.710444246470638
235,-5.712386634604394,5.709186588199545,-2.8512904781481434
236,-5.722212921750502,5.713436327189581,2.857332590150492
237,-2.8439271410189013,-5.697369414124371,-5.66814695290521
238,-2.846857957026053,-5.692796474457918,5.706670429592403
239,-2.8578985687048015,5.712058335443178,-5.707449622128151
240,-2.8718731689515944,5.730522103236247,5.7247973747680065
241,2.839847816181315,-5.710049658220608,-5.699760171074879
242,2.867069620997782,-5.706512499991985,5.720090782050999
243,2.860403951061957,5.717154308724975,-5.71964981793251
244,2.882789283809833,5.7456555210137426,5.735860957358282
245,5.714935406092411,-5.71133337379573,-2.8579746316498253
246,5.731690326143311,-5.710094105688624,2.870669443215591
247,5.705785675134948,-2.8646044019530224,-5.719741529205678
248,5.735455092470172,-2.8525967130086367,5.7294712420434
249,5.716965014489604,2.857739030983522,-5.7306549360855925
250,5.7527213456394914,2.886026666535272,5.742197632134065
251,5.738140485935605,5.728869389466842,-2.879610098177133
252,5.759462139504389,5.7488578335503036,2.8670111361438124
253,-8.564343724647292,0.0013308874038495727,0.0025525640104384494
254,0.018399052680191052,-8.55848818261474,0.022558286742624833
255,-0.009788789194945188,-0.00030451505719448964,-8.550669014818716
256,0.010097108745780037,0.016355872554345306,8.562076926891194
257,0.006609085790849691,8.568244398995319,0.00254010222825645
258,8.583155779119707,0.005144121915015125,-0.0068640384266337225
259,-8.558750269608712,-2.8518169930637263,0.0038613643504567374
260,-8.559255762823767,-6.292512761189468e-05,-2.8460103540836474
261,-8.567446512523953,-0.00010213512032200583,2.853483414328675
262,-8.570260647652656,2.8545495948382213,0.0007255732698714974
263,-2.8398741237455876,-8.556789459709314,0.01824199887535112
264,-2.854535075584007,-0.0008766121937957602,-8.54716348718939
265,-2.8510475168743605,0.011045268079915247,8.561068501553299
266,-2.857728506269506,8.568104749417456,0.0025965203900791874
267,0.009576949592554432,-8.557437468970637,-2.8306607192622173
268,0.010938460905974001,-8.560010076849329,2.8664514530277168
269,-0.01374703313449004,-2.853582003502995,-8.54726815380664
270,0.006802201145754279,-2.8399371215627065,8.558543803387039
271,-0.005248857317924862,2.854296229240241,-8.558796737110999
272,0.005887888593952842,2.869185142007928,8.570431317487623
273,0.0034972541091325394,8.566178507832845,-2.8540346125495253
274,0.005500098181539945,8.572239491475559,2.859009228937416
275,2.868884854067261,-8.56142722522891,0.014557316692518824
276,2.840337596466956,-0.005012987014106381,-8.55918804093749
277,2.8673403713999934,0.012831511635673587,8.570823985324864
278,2.8692434024774633,8.571999625331507,-0.0015948215153532609
279,8.579326260201414,-2.8531949709486306,-0.002179050092099313
280,8.579061828356691,-0.0002547798451112976,-2.8726109784147824
281,8.587261112954543,0.009986491507134702,2.8649444658689815
282,8.591656072282252,2.8694972674246992,-0.00923017154135763
283,-7.12030366225362,-4.276459927809024,-4.260249907311956
284,-7.130987413236041,-4.27584450023732,4.280420270336648
285,-7.1371263559824065,4.280423836986165,-4.277974743846973
286,-7.148014263120918,4.283981291159857,4.283948089834615
287,-4.267484117804103,-7.127054821729388,-4.253134079322333
288,-4.275464761833337,-7.1263632096000675,4.283596564070564
289,-4.271679290917052,-4.2758712821378015,-7.1084057505903395
290,-4.277306209296026,-4.269849584589169,7.13323431766016
291,-4.283277129677127,4.280121629284343,-7.1304886339256335
292,-4.290993138476765,4.288992917014373,7.142559118725847
293,-4.285245413304279,7.138717006013057,-4.280914797229709
294,-4.293251733259801,7.145161665079901,4.285737787442244
295,4.279402635836956,-7.1355872932673865,-4.278303297635633
296,4.295525539302308,-7.138111431646481,4.293170176853729
297,4.268979988731534,-4.286176658242099,-7.135141244554629
298,4.292935854675725,-4.2802050886293195,7.145668898314916
299,4.2842943682734855,4.285144198249394,-7.147132144691694
300,4.305946607619448,4.307039856555046,7.160924389700519
301,4.292034394897673,7.1470133012612544,-4.29345396365906
302,4.307881973860986,7.161539367929617,4.29497832088073
303,7.154460215252618,-4.302259089368277,-4.305377572519389
304,7.164535983529044,-4.2911355693783495,4.303471268040369
305,7.157257599384422,4.293343116003488,-4.308781472990488
306,7.173747402335128,4.309929965611604,4.302439424956003
307,-8.55556724979062,-2.8530570442832097,-2.8439771520010004
308,-8.561399785787431,-2.853375584841607,2.853813297196624
309,-8.564997359769936,2.8536504899071202,-2.851868456557308
310,-8.572840997914339,2.8544959626786084,2.855316572210171
311,-2.8430730994342404,-8.557208031809468,-2.831080105517911
312,-2.8474085416387473,-8.557202349694267,2.8619521236203247
313,-2.8546672132869033,-2.8518802777486916,-8.544745337020723
314,-2.850185946065432,-2.842317493972048,8.55923262066123
315,-2.85734242516209,2.852887780639031,-8.55618792604997
316,-2.8561972520854995,2.8626862360030803,8.56765785261256
317,-2.8561099036323423,8.566102951644368,-2.853454487322193
318,-2.859218571916424,8.57081406644181,2.8577867255737925
319,2.8595968029317316,-8.560636681438691,-2.844626599193454
320,2.8670397694763765,-8.56443217270629,2.8659951989218464
321,2.8382033354791183,-2.8596105270890515,-8.556924473925786
322,2.862146571529433,-2.8477477788843144,8.566850159238431
323,2.850155017262408,2.8543004082846695,-8.565953440500076
324,2.866633591307181,2.87016514369995,8.577880235568665
325,2.8618238321064426,8.570560273598772,-2.8586940718523786
326,2.869648107078592,8.576126255499235,2.8577115631109304
327,8.576335074004115,-2.8609320209036735,-2.8685072947417427
328,8.583757039399892,-2.8543757460811823,2.8660503016276193
329,8.585217801634363,2.862060342567739,-2.876166955127043
330,8.592284110905437,2.8729333354330575,2.863939776936658
331,-5.693938417851149,-5.700341014780718,-5.684567763199232
332,-5.702971534460273,-5.699544978573252,5.707524134258261
333,-5.709980053818703,5.708374053855973,-5.705849464251391
334,-5.718297995553088,5.71340568425634,5.7124788847751455
335,5.704357575800568,-5.713425928085544,-5.71320119266925
336,5.721108773166151,-5.7117680193319185,5.720128183342167
337,5.717901864373718,5.717725547517108,-5.7237808320616175
338,5.740474521486203,5.739540271524371,5.73484835291295
339,-9.990487194396298,-1.4268790223733645,-1.4244288513548717
340,-9.992096478561445,-1.427665393096556,1.4284129109167913
341,-9.993257887412122,1.4277225270523535,-1.4260427955523125
342,-9.995277923397785,1.4274018609625094,1.4285473326543414
343,-1.418763811838136,-9.988106847410792,-1.4144361021413427
344,-1.4204078887388036,-9.989378240922752,1.4363623278409243
345,-1.4305579770625132,-1.4260041429225987,-9.98413905549932
346,-1.4230041045839954,-1.4195361758051248,9.990602097193118
347,-1.4297180402025216,1.4273885400967978,-9.98638838101733
348,-1.4244266436288908,1.4332548878696771,9.993870940523612
349,-1.4256656556076908,9.994011413023136,-1.4253472691531714
350,-1.4257819909856,9.995435831232216,1.4296929386074777
351,1.4353008776490808,-9.989391379470561,-1.4174929979674826
352,1.4360488955976507,-9.991566216756118,1.4367851523238278
353,1.4187466149937482,-1.4287415601982287,-9.985812528110895
354,1.4315772493621206,-1.4209788257381235,9.993038605750419
355,1.4225864280096963,1.4265985301167263,-9.988197882365615
356,1.432276080605129,1.43422567378902,9.996742170169036
357,1.4316305118730528,9.995309306109254,-1.4263062593452758
358,1.4333419676965655,9.996420537405676,1.4289446371288899
359,10.000035304721713,-1.4267683509690519,-1.4323719236887307
360,10.001504442031408,-1.4242508946033723,1.4297972616367998
361,10.002745795932837,1.4304680981461486,-1.4343663794690313
362,10.003779598461444,1.4334925685225646,1.428566054589388
363,-7.127470904096284,-7.132005991388424,-1.4183821418144964
364,-7.1302068961378415,-7.13219228807702,1.4308992415913608
365,-7.126853465221438,-1.4288700577043894,-7.12174223481166
366,-7.135568787546831,-1.4242054973577145,7.137197163619992
367,-7.131404629477503,1.4226980853243005,-7.126674563514726
368,-7.1401113790238915,1.4289999144443954,7.139328010067083
369,-7.140518029079552,7.13945864076927,-1.4261956616568707
370,-7.142866352943242,7.140821997664256,1.4287426102574157
371,-1.4312923601655292,-7.132819629758246,-7.12165141151697
372,-1.4255376071338561,-7.129582603576496,7.138911414040785
373,-1.4275797730352155,7.140579613793197,-7.137039690841123
374,-1.4294716509426573,7.148475292355715,7.145310453634876
375,1.4183368261264373,-7.134639096350702,-7.12826564163932
376,1.4298763815843725,-7.133561900358599,7.142075296388709
377,1.428740101593662,7.141604464973257,-7.139491694571773
378,1.4323995509137943,7.152318307410361,7.148607487001325
379,7.142430707735301,-7.136004813700674,-1.4255913105864968
380,7.146580655641446,-7.136478516687394,1.4308551524067057
381,7.135241205506732,-1.4314364003987883,-7.144567351864392
382,7.15198752362138,-1.4248697034277018,7.151756900337461
383,7.138316789214288,1.4243794596283192,-7.147836306448724
384,7.156953078292742,1.4370272157269564,7.156698105087771
385,7.156675055307576,7.152811642012895,-1.4399282704652359
386,7.160507000482666,7.156623246106553,1.425466105208235
387,-8.558674458739423,-5.706846169174658,0.0037711686005007183
388,-8.55781965664385,-0.0027180635304528008,-5.700492841907254
389,-8.566302593920756,-0.00010632907608018449,5.710995085711591
390,-8.569239983383103,5.711789572993147,0.0007225508933419331
391,-5.701876678618598,-8.559998601381043,0.00786770303453615
392,-5.704391952651706,-0.0029735431106072932,-8.551962056338464
393,-5.709462500428801,0.003660895387263509,8.56607532966751
394,-5.7135948020753915,8.568963557127224,0.0012808382426127245
395,-0.002188525086595492,-8.560109359899814,-5.697056093168831
396,0.0022706961131145806,-8.560698810703217,5.714999516659554
397,-0.009688269213788478,-5.7076105385851355,-8.553903239019688
398,0.0017968718331824352,-5.702041570860066,8.564869942272514
399,-0.0008697431244907179,5.7120449081682105,-8.564265165049845
400,0.0013328260414925874,5.720048657202662,8.573097650927023
401,0.0016093603102217656,8.568383089105566,-5.709823515329172
402,0.002486653645825192,8.574266129703993,5.715027874664583
403,5.716630766772471,-8.562633186998362,0.0043912804923769665
404,5.703840078764444,-0.0048657210535999924,-8.56761307978252
405,5.720975033512624,0.005164851867263477,8.57758623390642
406,5.724450826030969,8.577426352735324,-0.005265225463190579
407,8.575641393482707,-5.711094542418627,0.0015374324536559382
408,8.571899136929273,-0.0021043913883505697,-5.7231962882849565
409,8.58336962330859,0.0063701496559292305,5.724798067409946
410,8.585926960071559,5.724362647223819,-0.007359751999656331
411,-8.556984415503738,-5.705720299675215,-2.8477936991673767
412,-8.560388574619664,-5.706339453358735,2.8563802841206885
413,-8.555211632947653,-2.8534060734264544,-5.698765140189052
414,-8.562087908045621,-2.852787686264605,5.710826690014195
415,-8.562026049991866,2.853006910779034,-5.705201664812625
416,-8.568786451264796,2.8557982661308468,5.713419234889323
417,-8.565745374195199,5.7117622577559,-2.8534514641749658
418,-8.569341845852087,5.713530706905033,2.8569121440286884
419,-5.700028739235388,-8.55925233690867,-2.8434711364537826
420,-5.704629219192924,-8.559809259442366,2.8583692594962864
421,-5.70132207490369,-2.852900992431544,-8.550935090705984
422,-5.705721754518763,-2.849301408390554,8.565344932611051
423,-5.707242395146766,2.8524504803199613,-8.558227713479367
424,-5.712218502198143,2.8582984514063883,8.569292084539894
425,-5.711292049871921,8.568207450010531,-2.853922944697499
426,-5.714244909237442,8.57101535454586,2.8576638216178982
427,-2.8505742782983527,-8.558138933954453,-5.6942980589004515
428,-2.8524690044105836,-8.558791533055546,5.712486279644682
429,-2.8550476436015124,-5.704557416793979,-8.552081832461507
430,-2.8514090165270396,-5.700798049419572,8.564181888924743
431,-2.8556559890695827,5.711928706012313,-8.562223393251156
432,-2.857501755471969,5.717073330326929,8.570849709263527
433,-2.8547048665274373,8.568098808327724,-5.708711639714004
434,-2.858114464167133,8.571758630412715,5.715217081839294
435,2.8521786253785337,-8.56164449587438,-5.704156786174313
436,2.8600432784000205,-8.56407678761456,5.717159669408995
437,2.8465634989606468,-5.707605791524185,-8.560361367259008
438,2.857536162150462,-5.706355679928016,8.568961937847936
439,2.855815767784482,5.713113543922862,-8.566989683797315
440,2.8615454742847994,5.723392300819459,8.577675871659817
441,2.8578881657817483,8.570954156708039,-5.711821246287997
442,2.8621632722432633,8.576986643043545,5.7179328953943624
443,5.712476719917514,-8.562350197581933,-2.852054939160275
444,5.719312514851033,-8.565411303733185,2.8605797650051095
445,5.704437087799164,-2.856642005407583,-8.564134410968656
446,5.717176222125717,-2.8537294506529585,8.573373714396896
447,5.7095966236915805,2.8536290694891715,-8.569143399229969
448,5.723943235512939,2.865042774621083,8.581194271034857
449,5.7194658333785275,8.57544212744911,-2.861558641063372
450,5.725013212005565,8.579841526320996,2.858685802333173
451,8.572863280115543,-5.71384398852302,-2.856139961868954
452,8.576858834224197,-5.71250552412269,2.859765899222717
453,8.57144953298149,-2.8575332254470154,-5.719306299321001
454,8.5793206167069,-2.854121518225492,5.722457051956304
455,8.575611409981407,2.8573406499326066,-5.723620137255937
456,8.585084648387475,2.86654652258906,5.726994401496322
457,8.579911531378801,5.7217760550522705,-2.8672049731805083
458,8.585281614054738,5.72715621385823,2.860392269989159
459,-9.988877204395509,-4.280711973971314,-1.4240973470529048
460,-9.989903917485185,-4.281177259344524,1.4292455452281463
461,-9.987917851306396,-1.4270553603165947,-4.277118459275693
462,-9.991696177640987,-1.4275559195882292,4.284078963972856
463,-9.990225454797567,1.4272877306125815,-4.27961518022694
464,-9.994146131065902,1.4277130884524427,4.285480940151868
465,-9.993735079433835,4.284611052256639,-1.4266391801987073
466,-9.995031262071791,4.285262821588166,1.4294611299239737
467,-4.275664865725248,-9.988283860501541,-1.4189415257601172
468,-4.27738524056284,-9.98893645166105,1.433123529647555
469,-4.279170999963416,-1.4262120000006335,-9.98414378378658
470,-4.2784881104880474,-1.4224180250538108,9.993177249675274
471,-4.280859238176142,1.4266826732465139,-9.986188019319583
472,-4.280804268514936,1.4309217823007423,9.995105347695
473,-4.282020638604173,9.995947401367872,-1.4257726468407441
474,-4.28317219839667,9.99718616274679,1.4296082007254274
475,-1.4236032453915126,-9.986980587436733,-4.271337181718666
476,-1.42470525539436,-9.989178755297601,4.287224863310148
477,-1.4304295084683254,-4.279005317282489,-9.985114102421733
478,-1.4242611592195453,-4.274132388568895,9.991284556866328
479,-1.4280878908947767,4.2835089086184714,-9.989135119467331
480,-1.4265515460340517,4.287796113282369,9.997312872844798
481,-1.4255421068531462,9.99505224488673,-4.280035860751239
482,-1.426484602381923,9.997132118153196,4.285507660438457
483,1.4291793614606458,-9.988198674337502,-4.275153335218064
484,1.431692403041602,-9.991186535570296,4.289053110831125
485,1.4203568875732282,-4.2810625713171,-9.98661218610022
486,1.4292526097096667,-4.276475281515442,9.993141158440434
487,1.4270112800264452,4.283950929633379,-9.990808707632036
488,1.4306859972205759,4.289965042129401,10.00010937843204
489,1.4298178027002322,9.996450348154152,-4.281130383723454
490,1.4320997863501725,9.998658956474477,4.285479381975109
491,4.287606546142528,-9.990416529346803,-1.4231334996885592
492,4.290136858055108,-9.992505023453887,1.4330692642378033
493,4.275819158011644,-1.429636313584014,-9.988463061465175
494,4.2866836779229684,-1.4245160868088662,9.998019679160388
495,4.279091279711994,1.425797574585347,-9.990324332295744
496,4.288785124077509,1.4326679191590799,10.001147110529029
497,4.288000680518113,9.999264528415127,-1.428603243332533
498,4.290538842760832,10.000173660034301,1.4280897379817483
499,9.9997193323873,-4.281823572336524,-1.4277978696980531
500,10.000557382656945,-4.280985447461951,1.4298846041978666
501,10.000545331063956,-1.4278566347708426,-4.288493644791113
502,10.003644635937722,-1.424234448364733,4.289911505665814
503,10.002311219449535,1.4277073240723333,-4.291002863803769
504,10.005401119992536,1.4334877776108292,4.29062423505551
505,10.005149551140752,4.289829113188693,-1.4336687265732617
506,10.006156249325501,4.2923043505959555,1.4282397930872637
507,-7.126853408442677,-7.13053506383681,-4.2718557475641274
508,-7.132267534185331,-7.132074482325599,4.284279265690387
509,-7.125719148731711,-4.278206368104792,-7.123317545122071
510,-7.132737440945357,-4.277669604813451,7.138248180709769
511,-7.13523477445648,4.281353425445854,-7.133353599086106
512,-7.140871102967465,4.285547470109736,7.142341858164831
513,-7.137636517139649,7.140012314179342,-4.281041640709499
514,-7.141447365599802,7.142932015336067,4.285901855401333
515,-4.276944752818866,-7.129434782551784,-7.122713701992781
516,-4.279219142307116,-7.130240991606586,7.1383979331566705
517,-4.283260623797915,7.140657311782665,-7.135893647120573
518,-4.288798160408713,7.145640123886958,7.145074264320818
519,4.278236267295065,-7.135771289556276,-7.135455938776569
520,4.287727390803664,-7.137227133890073,7.14483553355682
521,4.285846929332189,7.14427896835715,-7.1416774900726105
522,4.29312909070351,7.15531303831868,7.153284400715119
523,7.140246111798082,-7.138516190498588,-4.283032731944498
524,7.147692571524571,-7.140423473349471,4.289299538723846
525,7.138201501499455,-4.284636767127127,-7.1410951141781736
526,7.147636693571047,-4.283986291389657,7.148460218236584
527,7.143561367808894,4.2855899891687645,-7.145891607649991
528,7.1571590277058785,4.296329544389953,7.157369206278727
529,7.148620570237179,7.149633091139879,-4.292770163601268
530,7.157867396338208,7.15792462612436,4.292860994767383
