,x,y,z
0,-0.01597933933795433,-0.02099661035432696,-0.025627505239791737
1,-1.4573811915070867,-1.4306749645957884,-1.4508714755807643
2,-1.451868215817837,-1.4596336582649057,1.4117927896753308
3,-1.434137336944198,1.4395959720099771,-1.430236220547766
4,-1.4285775918075165,1.4274312110760414,1.4425715377507091
5,1.3951777269685641,-1.442622768594598,-1.4854571888510482
6,1.4250767093070893,-1.4838189560846666,1.3868093830425745
7,1.4350604341144844,1.4216115173470825,-1.4564988076586
8,1.4524706634575235,1.3747069837253385,1.3808012902744269
9,-2.9011959525368094,0.008396138665141594,0.006857016245599664
10,-0.02922755389319953,-2.9214448497529926,-0.038895027804854765
11,-0.023926417486233947,0.010318970685177814,-2.9215612392933274
12,-0.01320588976344074,-0.06177373552893037,2.845480174438628
13,0.025221663996571168,2.8827769823598075,-0.0032194296645579965
14,2.899427543571502,-0.04733307040137313,-0.05542197050046069
15,-2.881614509061354,-2.865054334135517,-0.013664342740297602
16,-2.874800715677928,0.01937293044773211,-2.8613588256724047
17,-2.8354780067673047,0.0009796288866703246,2.877992682421778
18,-2.8444434502246008,2.8652891859862204,0.022968161781062684
19,-0.043190619877502986,-2.8623305575319895,-2.899099237511686
20,-0.008729315178174287,-2.88944579075618,2.8356297167091395
21,9.524971031527477e-05,2.867238987493924,-2.861187990226238
22,0.06102044518023812,2.821805864807583,2.7979161973192728
23,2.8130170083324306,-2.8864029975722025,-0.08182694422844611
24,2.842492396897065,-0.004931363070359217,-2.8997648492601797
25,2.8534555961459853,-0.05880271842586547,2.7899253929515035
26,2.886229885519416,2.8281340174925926,-0.014153450787227248
27,-4.2979062399742105,-1.4159212294208379,-1.4289379762110865
28,-4.282147326634409,-1.423745349635426,1.4423386027049532
29,-4.283447725448098,1.4511170724294356,-1.415247887771401
30,-4.247927382554522,1.458821424797742,1.4756493348262927
31,-1.4672824953225865,-4.296092127007675,-1.4603658218961941
32,-1.4517064265882207,-4.30378480884931,1.4124206246391302
33,-1.4622173203840658,-1.416435549924792,-4.305033980037581
34,-1.4384766376882296,-1.4694572095970493,4.27926299135101
35,-1.4462198890291944,1.4524714913378252,-4.292223598401477
36,-1.3467491183806855,1.3778973363662674,4.3375610879052795
37,-1.4181257060572217,4.290242902675471,-1.4170967009329014
38,-1.3988608867191137,4.274380139730083,1.418916557694978
39,1.3781573584168565,-4.313258754874272,-1.492603864003369
40,1.414081434723282,-4.3087288303938545,1.4001181043555346
41,1.4010297030881382,-1.4275396750257903,-4.318603122938096
42,1.3788932398676412,-1.4479440517666458,4.303206487422515
43,1.4208386866433607,1.4422138955612,-4.302985524598545
44,1.3828852312011712,1.3285558491961769,4.213719776513835
45,1.4477727707222645,4.2787598963736775,-1.4268017982354635
46,1.4793424611792902,4.252819704480256,1.455057749375219
47,4.259277008712756,-1.4615498322595284,-1.5109419044118222
48,4.32316463713716,-1.481823620330155,1.3483833831157237
49,4.295183082159928,1.4072618074549563,-1.463595637589559
50,4.370638013018055,1.3396816485193115,1.3415269596171626
51,-2.8849709526637803,-2.8469308569872283,-2.8707706739878285
52,-2.8658910436803335,-2.8713164336379218,2.8512910827185545
53,-2.856172599456942,2.8734184744698466,-2.8451583373537987
54,-2.7475679771215322,2.8993318855762404,2.962182760557003
55,2.8111249920759778,-2.875163161414941,-2.914165282833904
56,2.8707823459023993,-2.8360660310169536,2.853711918821474
57,2.8604982901604363,2.8537146823634947,-2.868176869598993
58,2.9553334589016234,2.730993295869557,2.7814450183154604
59,-5.699656926821755,0.022407192472996457,0.022911808634447764
60,-0.03191472041673336,-5.731668516226136,-0.02956403654740985
61,-0.019858297497368754,0.016228467890129782,-5.725608307719545
62,-0.03379640502403314,-0.08242075607643257,5.738901581658347
63,0.029169509329160195,5.694791789748782,0.02901303459812582
64,5.752314355786395,-0.07534537567166483,-0.08648765770777105
65,-4.305141894302011,-4.2803343823831295,-1.436529623225602
66,-4.296425359324833,-4.286344051886139,1.4261902617292228
67,-4.301858311083044,-1.408204576757758,-4.28684221323309
68,-4.277207717556873,-1.4326016451570196,4.28945309398003
69,-4.292115566674577,1.451809554616517,-4.2784078067120666
70,-4.263074227635264,1.4249304495929318,4.2882903431824735
71,-4.272455653011808,4.294572005120382,-1.4046213981365838
72,-4.25066475787477,4.278911054841824,1.4690367025168967
73,-1.4667013720427031,-4.28150155471433,-4.310434767414183
74,-1.4410287164480748,-4.305079115223656,4.272978109789543
75,-1.4283185351193464,4.297858626701169,-4.277450534499995
76,-0.7436705393133484,3.6520630979263426,4.920104519460674
77,1.386757563402837,-4.2945680238754855,-4.323807814017046
78,1.4257636986309723,-4.303387042756342,4.255576392027009
79,1.4307538924352823,4.290991410747403,-4.2843057367356225
80,1.632544069955102,4.0826001686181,4.3959062985629265
81,4.19643980222433,-4.368724333095246,-1.5273947478265628
82,4.128648907266254,-4.3874465612178675,1.320674279942534
83,4.270825611376162,-1.439209020216828,-4.311778727253134
84,4.838535634893317,-1.7594247680907087,3.829609808208547
85,4.284041493035167,1.4280606813655738,-4.299567051223687
86,4.9668529038735425,0.7603983777546747,3.6311659729130836
87,4.286335175963018,4.2840307031656755,-1.4388906709769047
88,4.295582323529424,4.275107526680885,1.4192046157676763
89,-5.7154113024221544,-2.8443243785092744,0.006097931714816924
90,-5.715456773502974,0.022013535814123054,-2.845923730881981
91,-5.700528313420125,0.006658360676216217,2.8671796047865588
92,-5.696051199359537,2.867440654950842,0.02715913343759943
93,-2.8789829677705634,-5.718086109495151,-0.012642132364188314
94,-2.874010831194971,0.022151072869575555,-5.717036564785684
95,-2.847848628072634,-0.013481794950278514,5.717821291930406
96,-2.8364914780661126,5.710590209190019,0.028451159260515443
97,-0.04675993299132024,-5.727616585203155,-2.8968310191140216
98,-0.01595395133152998,-5.729322352419412,2.840001117964933
99,-0.030661293402224375,-2.848133497724194,-5.7331949546123875
100,-0.012315219335847801,-2.90574071857454,5.701158252249599
101,-0.00630576636823231,2.87183078001855,-5.715034077918327
102,0.714786627261661,2.2913728860250058,6.33269908478541
103,0.009383253379692844,5.7131919514574605,-2.844053666336451
104,0.00825068500159427,5.584989405752338,2.9792304960368203
105,2.7709216086339525,-5.78183619646113,-0.07587188665828905
106,2.8458711729918686,0.004860421805568358,-5.7255261575156835
107,3.445502064909423,-0.5730070994137829,5.109020663414804
108,2.8643192384984277,5.70335589565994,0.007894179949774623
109,5.589052955471401,-3.015945446753034,-0.17672093075963818
110,5.713702375719227,-0.015318781932052357,-2.8867486595298617
111,6.3587385095509745,-0.46175609910772986,2.35360984330587
112,5.7098040474932565,2.859222263501536,-0.026986261981565653
113,-5.72413387238604,-2.8409005110114243,-2.855226475462201
114,-5.711943544657697,-2.8528508675186415,2.8623147126731303
115,-5.709430144873157,2.874907023242349,-2.8401283775058217
116,-5.696151371410975,2.8581735634491983,2.8753527518686997
117,-2.886298625879851,-5.713582264145823,-2.873760740224838
118,-2.870486055654652,-5.721215049319251,2.8509903057354626
119,-2.882217841882749,-2.8415605850089483,-5.724428561270825
120,-2.854868236303523,-2.8671857953324893,5.7206112983361805
121,-2.8635657610641942,2.877041943891405,-5.709951213514883
122,-2.903728827452577,2.869436404598399,5.706189579015729
123,-2.848514206396973,5.720375162666256,-2.8389928327478056
124,-2.7854124718631366,5.658501409501043,2.9245756184576126
125,2.7993643001403035,-5.757765706693395,-2.9177509307393588
126,2.823505008377584,-5.751204894582621,2.8450369963947533
127,2.835190872055457,-2.8588667285035987,-5.7333232531160725
128,2.91710653358321,-2.9255236291054283,5.648453285898503
129,2.8564763557583235,2.864354084126828,-5.717432773049178
130,3.5163483164927163,2.0758984678831607,5.058138613164495
131,2.860035862998342,5.715620255678861,-2.8552903890853427
132,2.8613685059723575,5.672953074532666,2.876990843031367
133,5.688788448050513,-2.899819959481166,-2.900684145549376
134,5.799213025260312,-3.1876167006029803,2.424648485948166
135,5.716971217260092,2.8534369386095193,-2.865691867602847
136,5.666827241485809,2.915931389909468,2.91588359799115
137,-4.30560170271177,-4.273236274736477,-4.2920735496560605
138,-4.287190656966106,-4.286586130686937,4.287856552243459
139,-4.282471896583383,4.299652858214108,-4.271250422870819
140,-4.315275182848053,4.290117897126691,4.294595683552796
141,4.254751477470714,-4.305740470695905,-4.317791696516334
142,4.318831679502631,-4.312432516478269,4.212658466714445
143,4.287191071999323,4.2873454705929595,-4.286262979368645
144,4.274788818627649,4.3146135612279295,4.324250555048492
145,-7.1365832183702365,-1.4092952248281512,-1.4156434730811114
146,-7.134451066486578,-1.41669811848247,1.4377703970128135
147,-7.132759235285977,1.4444472521081269,-1.4101481844866859
148,-7.129311283795094,1.438852581256787,1.44527774292548
149,-1.4577545183676184,-7.149546224419034,-1.4472139987766328
150,-1.4474505596169298,-7.148705475964901,1.4175068243002011
151,-1.4468152085000223,-1.4118596920346547,-7.147804939311043
152,-1.416054157543423,-1.443044716854441,7.158007199293228
153,-1.4383254948038113,1.4460698718140759,-7.142420938802354
154,-1.4453986358280968,1.4939355255122448,7.0772761799869155
155,-1.4113005816895434,7.132740811758942,-1.4042832293138983
156,-1.3929976973158091,7.1096023981661896,1.4687900978001085
157,1.3731341181699426,-7.177081995617606,-1.4756809950075687
158,1.3945402782631933,-7.165743459798433,1.411196769155083
159,1.4130597073638926,-1.41923084248037,-7.148623380337886
160,1.4736838495631035,-1.5672723740858274,7.0988666743320366
161,1.4217308477526078,1.4395343601506803,-7.143437008684529
162,2.183565470106262,0.6004861302934709,6.560900720154778
163,1.4349287098522154,7.1343194371628424,-1.413554880909813
164,1.4254017049827445,7.102653664479529,1.467111020234734
165,7.1490201529032715,-1.490131102999026,-1.5080259789889667
166,7.236326112204242,-1.87187259080336,0.9393093612760174
167,7.143163967253858,1.4188178224633161,-1.4346443669265638
168,7.105064858256175,1.539627247058975,1.4571134366378522
169,-5.721529468981079,-5.707719726594138,-0.00013910219161730243
170,-5.7194012206109495,0.020030543988550743,-5.7080608461737175
171,-5.701192387770235,0.0015299860106465478,5.7173317268295145
172,-5.6933385661683635,5.7133866879794075,0.0268556684794656
173,-0.03055320912023738,-5.713892005552137,-5.734033187684878
174,-0.002221163933240928,-5.719901085517251,5.705094923100256
175,0.0018543139006779,5.720185929162341,-5.706361137338053
176,0.013363206929293455,5.789954839731099,5.705610806002033
177,5.688121622036167,-5.720701694800015,-0.032770687930573326
178,5.710055283522259,-0.002302215938863598,-5.720031902234843
179,5.729864639612382,0.03203090953909159,5.7876848070333295
180,5.714390704449777,5.7122329195186765,-0.0016420778818649082
181,-7.1434844498873,-4.272846544351455,-1.4238179011589545
182,-7.14072038486808,-4.276600031843339,1.432536540500597
183,-7.143271175850778,-1.4105204261579911,-4.2777093896840945
184,-7.13335179841031,-1.4225645599703995,4.29092102026934
185,-7.139708042359513,1.4454703794499508,-4.273421164723346
186,-7.131144275588007,1.4314457898386874,4.293805690721383
187,-7.129922523361238,4.29398030323356,-1.408110750201088
188,-7.12785793900642,4.289136808765029,1.4465677463332238
189,-4.300651664363607,-7.139768707436901,-1.4335379640528276
190,-4.295496519414638,-7.140931417531595,1.4262551988376928
191,-4.297072463593917,-1.4105731725699657,-7.14235588854553
192,-4.274133125164753,-1.4274972962017178,7.1480766518894425
193,-4.291497113659146,1.4466342385293605,-7.1384441200782485
194,-4.277990732597291,1.4259751365495017,7.146304050592028
195,-4.270532038211748,7.140651339572304,-1.4058863238981611
196,-4.250643168996451,7.121166010519357,1.4628768696759575
197,-1.4591879082995762,-7.14575457912728,-4.305534378264685
198,-1.436277042966961,-7.14503845601722,4.282276936552751
199,-1.449260691547019,-4.2753443179291875,-7.151038074656357
200,-1.4306359405772229,-4.29706593553249,7.145525333676254
201,-1.4298511519913917,4.2974650976177715,-7.137160479680738
202,-1.3579453011999358,4.2389319180139315,7.188189092021086
203,-1.4221072551901586,7.143827246835666,-4.271542172537643
204,-1.4149903027135071,7.182699762038645,4.28402153176332
205,1.391624064936077,-7.160514230601638,-4.317809662182921
206,1.4145119813325042,-7.154995214498778,4.282784426336541
207,1.4094262866459444,-4.281240385813921,-7.151516632021005
208,1.4392366491658963,-4.302724205642728,7.129715229102595
209,1.4284089011304846,4.293241308546278,-7.138397217874972
210,1.4134286781591923,4.362626150873173,7.093594201133033
211,1.4307965414186312,7.143772890181906,-4.277061747905522
212,1.4502034020191545,7.118970599817545,4.276786899781605
213,4.266632978913438,-7.154751980575311,-1.4581923379295525
214,4.256673479918367,-7.150936152864085,1.3959489831223981
215,4.277153242429784,-1.426436481831002,-7.14576209610889
216,4.232841803130928,-1.3940763750677168,7.226647289904123
217,4.283222769799849,1.4324114474714675,-7.142090609952655
218,4.349446978647644,1.397068427361213,7.223934672811104
219,4.285234173230626,7.139804206098612,-1.422211005032562
220,4.283760933557266,7.128496676115688,1.4395225867201078
221,7.148388219941767,-4.3303148084882315,-1.4794753550827262
222,7.306641304098237,-4.415466768043696,1.2777632219314523
223,7.137864878387697,-1.442460617325549,-4.299761089179069
224,7.165054888921343,-1.404227153805298,4.372084268060696
225,7.14084431137,1.4273364168468137,-4.291345289571085
226,7.229197342131074,1.3915775542730917,4.249451760565503
227,7.141957467775843,4.287226419215881,-1.4342392714129915
228,7.134258846963749,4.28650571000608,1.4314409144946976
229,-5.7252089769246135,-5.7056368773037685,-2.85899370807415
230,-5.716465177463155,-5.709700323036522,2.859458510665311
231,-5.723442393234399,-2.8409959729250165,-5.712711308940776
232,-5.706914501160554,-2.852995014327814,5.718605142394194
233,-5.714195895679039,2.873469346488197,-5.704408591344512
234,-5.707823739821671,2.8537199382272807,5.7251488824541585
235,-5.70408766004871,5.7206329301298435,-2.838194924419956
236,-5.6991515745833885,5.7187178991532255,2.86771933692725
237,-2.880203881792213,-5.707113305210729,-5.725317184632137
238,-2.860276778139182,-5.716568978408902,5.714372511536936
239,-2.85466078377196,5.723147364706064,-5.703479805084555
240,-2.7567454923162082,5.630408138892458,5.674947282967591
241,2.8336734282404312,-5.721819897837734,-5.733399163004117
242,2.864318189298288,-5.719063946946023,5.690101092891565
243,2.8586712996743717,5.71793874759418,-5.709312793741765
244,2.867912526303202,5.762598308465031,5.724707822037062
245,5.6983255479686,-5.735892111832916,-2.8935969689629206
246,5.7148327691676615,-5.72950712197482,2.788822533455713
247,5.702978489640148,-2.8640624232968284,-5.725408366442681
248,5.6515202869635015,-2.8120984405882927,5.789250180489434
249,5.714180988765741,2.8595756325495194,-5.71471074992665
250,5.7721449198039085,2.7887983670745946,5.65822415380172
251,5.714356268794016,5.7156825290609765,-2.8567165489495574
252,5.713703853883452,5.710763174673762,2.8638740463544714
253,-8.561385311432199,0.012389039973321785,0.011993053452577104
254,-0.025107555884623597,-8.580519343216862,-0.01250543684039333
255,-0.007627872328190945,0.012016440297237444,-8.568970152417826
256,0.11915734190015435,0.09705560218546556,8.419652288548523
257,0.012241717293648417,8.556816661751252,0.0204588127202464
258,8.501291794602082,-0.01698966157810917,0.050806745301659066
259,-8.564470960686497,-2.845051270336776,0.006766386812272667
260,-8.563910807107247,0.014193799807237388,-2.8451996461322415
261,-8.56163301353062,0.006909512505700245,2.86460570464475
262,-8.560145840929982,2.865007092150413,0.014316699539742898
263,-2.8706690247416096,-8.570585756683807,-0.00417733286535803
264,-2.8642080840003383,0.014880111255602447,-8.568793934937332
265,-2.822501488135548,0.014723245616268265,8.54935222758118
266,-2.837054494045586,8.556780299827698,0.023874297406939568
267,-0.03198706250445269,-8.584591336123104,-2.8804953458846345
268,-0.01364116629215736,-8.575509564832732,2.8543422542655255
269,-0.011452386503192242,-2.8470118491514236,-8.571245458184366
270,0.003023880039111882,-2.864845765665912,8.565570177272965
271,-0.0018951773580369669,2.8669677128469746,-8.566462537582721
272,0.03194406711930117,2.8393233693807844,8.61891912801537
273,0.005798618543514276,8.566560835065115,-2.842629159278005
274,0.019672559710836843,8.557164079413981,2.8660404275605615
275,2.8352512922477717,-8.576225931666523,-0.021949993360310015
276,2.852306368317141,0.0064496736576416976,-8.567707617712077
277,2.8549273656537606,-0.0109038535814193,8.70727168961021
278,2.853698589693169,8.55626521241299,0.017269173426390606
279,8.763815536776715,-2.9956072340526028,-0.1839974059257057
280,8.561122830442564,-0.0013131886811444087,-2.86320125144649
281,8.647681712992398,-0.033125370540922766,2.8132080748726507
282,8.566729523154477,2.863200414649445,-0.007403577961779148
283,-7.1456729521167395,-4.273094294643846,-4.282194070573393
284,-7.13792374631389,-4.279134834728672,4.28957821609814
285,-7.136599652155201,4.296047972463057,-4.272316733417972
286,-7.13359921450809,4.288672158818573,4.294320345192103
287,-4.299357854558227,-7.137031432580134,-4.289994478242653
288,-4.288292828461805,-7.139822433050621,4.286531842186051
289,-4.297165500511178,-4.273189215881093,-7.144333474847988
290,-4.282411198177419,-4.283978366921893,7.146188865404678
291,-4.285027801590056,4.297164937010896,-7.134935141884325
292,-4.268260964592132,4.294246451350207,7.148989829758953
293,-4.278958009157332,7.146449554880889,-4.271531828052308
294,-4.257410112748191,7.126678426002714,4.302278036040422
295,4.2709405045127085,-7.152503516293235,-4.306234919829502
296,4.289888232392291,-7.142638766942863,4.269298247259091
297,4.274433363566677,-4.285727762517209,-7.147879217638529
298,4.2814215478421715,-4.303478414754096,7.146229014396616
299,4.286510754296923,4.289720554326038,-7.138705585042635
300,4.2209521674759465,4.167499691972206,7.055628972972803
301,4.286579508453019,7.144158331056649,-4.2806693881807005
302,4.29676753128641,7.142093899633106,4.284643433379536
303,7.136711169175568,-4.294802819478866,-4.30352992405396
304,7.077539626248463,-4.20653426944431,4.247445043138147
305,7.143101628301198,4.2863879248227805,-4.284069585049556
306,7.155413331784995,4.293349867231616,4.2898028792512335
307,-8.566206088610409,-2.8434797894942907,-2.849419116708817
308,-8.563686384866443,-2.848877076162279,2.8618296510917705
309,-8.562388563428515,2.8675359909229097,-2.84325141782812
310,-8.560829988835604,2.860954896016028,2.8665067558642803
311,-2.87238060109531,-8.56988401437694,-2.8626998993387525
312,-2.8632542879486476,-8.56834209963961,2.85583645241589
313,-2.866459787655861,-2.843761612160174,-8.570408065451343
314,-2.8502415979640197,-2.85668088340341,8.575576454289346
315,-2.858212302542168,2.868466290337739,-8.565646171589899
316,-2.8481355445252343,2.8551941303320305,8.576608677555784
317,-2.8472457369085094,8.567084530426706,-2.840615473941276
318,-2.846895775709734,8.566372642777061,2.861769957655936
319,2.8409887956621853,-8.576644110031872,-2.875046167300767
320,2.849347463387305,-8.57104970574087,2.849671449347662
321,2.849076399507453,-2.851885477840874,-8.569755159216603
322,2.8596078879024347,-2.8814915871932065,8.58767795417809
323,2.8565205501151834,2.8626187005149144,-8.565853196939026
324,2.7401785452066263,2.765684537220739,8.470923457760072
325,2.8580535936153235,8.568186784479508,-2.8479012467498683
326,2.863239866013374,8.562414289274336,2.85999339903206
327,8.585302288136983,-2.8762457295933737,-2.8821698357889693
328,8.499670147158373,-2.792712304917398,2.8102990075855256
329,8.569575593091274,2.854450466212923,-2.8561020523859346
330,8.585044561472438,2.8723399114894836,2.857365758806779
331,-5.720974538760702,-5.7044855092641,-5.713716842250691
332,-5.711552991991029,-5.709415860743652,5.716483320766668
333,-5.709315778653354,5.721251154070766,-5.7030756004944205
334,-5.6995314644283175,5.715800105729856,5.7237893487535745
335,5.705806499964953,-5.716585321180408,-5.723860692245371
336,5.718591259409277,-5.698631706373029,5.69439076083103
337,5.714865373194868,5.715943630553483,-5.709640703023737
338,5.714154699182869,5.701710040276656,5.731967355710061
339,-9.990486571677879,-1.4191422355632328,-1.4212206001064704
340,-9.990632884928134,-1.421205768036082,1.4337170726613726
341,-9.990146768425298,1.4359698406626835,-1.4194603177734482
342,-9.990414663646645,1.4340040496385171,1.4354703807851115
343,-1.4396812162220216,-9.999129965955056,-1.4315899018188991
344,-1.4352629757854667,-9.996695647433375,1.42849764695701
345,-1.4312622448809271,-1.4194621433119905,-9.994035942857936
346,-1.3981201632843103,-1.401648619500508,9.971182456622387
347,-1.4288589558206788,1.4366807103512156,-9.99339416781442
348,-1.4107759172347047,1.410997061569214,9.982107585455546
349,-1.420732528877079,9.992157872246633,-1.4154413817480938
350,-1.4170633477094505,9.99187659800405,1.4380176467300696
351,1.4175614026451535,-9.99811836802476,-1.4371987685873424
352,1.4225835904219928,-9.994596395052188,1.425082084936563
353,1.4258741797525945,-1.4218184511254588,-9.992908030290844
354,1.4016788108160936,-1.4347190356823634,9.989199202268905
355,1.4281861093048807,1.4344486651294137,-9.992454635563796
356,1.4220404760681484,1.4288412076690695,10.054544375409163
357,1.4318940286866855,9.993328160092107,-1.417990731539231
358,1.433457825560446,9.993483120870737,1.4354212651845122
359,10.00767779235753,-1.3936466109548724,-1.4514798666421993
360,9.999824880295433,-1.457025162239522,1.3907408127135499
361,9.980579095154445,1.415610115321662,-1.4145411137764239
362,9.994010569756272,1.4364395147433433,1.4142862079936656
363,-7.143160952071092,-7.134925150271245,-1.4261334235355276
364,-7.141250881908968,-7.135539818170167,1.4311532569115617
365,-7.142098148304135,-1.416401493045376,-7.136516058801369
366,-7.133550119176,-1.4240409380143686,7.1442422006359605
367,-7.140539994248907,1.4398784988712579,-7.135026773750854
368,-7.134431434619891,1.4285933452062598,7.146248630878148
369,-7.130148698793893,7.142917612562925,-1.4135190767415897
370,-7.130890034101292,7.143380726816516,1.4384550479339644
371,-1.4413928182102436,-7.137607579633557,-7.147725139321192
372,-1.4274638026463764,-7.139614280194532,7.141405250086046
373,-1.4254428595892625,7.14574080354566,-7.1340055175491885
374,-1.427273244548035,7.138609952777767,7.147104521444829
375,1.4165862302327377,-7.140612791904103,-7.147895314172367
376,1.4313810276868895,-7.139577897359153,7.1361249213517945
377,1.430483563624495,7.144806147851863,-7.135133588141233
378,1.4395599002039132,7.156705958133491,7.159332595750351
379,7.1256771142741995,-7.147765015425344,-1.441515513390192
380,7.151769924999189,-7.140771975762311,1.4074319441650518
381,7.139276201281786,-1.427881080699558,-7.141120760773468
382,7.146225560886737,-1.4229082174630252,7.159071119815432
383,7.141167374430292,1.43029582417039,-7.13914857663875
384,7.160614733277948,1.437708635813009,7.164106488453567
385,7.141569385989697,7.142713456911571,-1.4257016378599672
386,7.140577773716286,7.139869384030023,1.4308957664070427
387,-8.566856228919272,-5.70533273647934,0.003745431106556317
388,-8.566527618034694,0.01123080947314851,-5.705725087613351
389,-8.562116397389017,0.00363051818865654,5.7169227017463164
390,-8.559980002888409,5.716398943866667,0.011590611335106612
391,-5.716565656368349,-8.565351669011674,0.0013640956411045302
392,-5.714765716449753,0.011740640755564321,-8.565645124220282
393,-5.703783800597545,0.0020785007468830234,8.571619917357232
394,-5.697240792326184,8.563341585542059,0.01755102207257842
395,-0.01659764006903808,-8.573165878636356,-5.7241917160390425
396,-0.003370794790119313,-8.569741260474654,5.715011515294436
397,-0.008665647870382362,-5.707222699115808,-8.571233921086547
398,0.002615330246378739,-5.71391575325697,8.568183629083661
399,0.001966947085434946,5.718572185372281,-8.563931127811571
400,0.011367014716926934,5.719569720079836,8.579854223627574
401,0.0028487570310093396,8.571135928038485,-5.70506171472591
402,0.015692162411119006,8.572888057931744,5.717242642193601
403,5.706197510570339,-8.566588732973596,-0.006366126874518187
404,5.712091726489686,0.002803617076681795,-8.566241504227534
405,5.727478511373922,-0.007042085110644088,8.608527831811868
406,5.711785134754481,8.56613124474855,0.006251288329008733
407,8.62372858047366,-5.76659590878788,-0.06321569857000105
408,8.56774147348862,0.0006541763819331353,-5.712736628988702
409,8.595165970230694,0.009784757292354118,5.732308371508876
410,8.567521419947576,5.713248817014425,0.0007736335210769102
411,-8.56711153567594,-5.705132106940539,-2.85233191070792
412,-8.565269556481738,-5.70684016394968,2.8598328990765163
413,-8.567264951112083,-2.8468453111725553,-5.707504369562076
414,-8.563347071329458,-2.851349366666533,5.71604512353419
415,-8.56470689561295,2.864642762213617,-5.705439218792131
416,-8.562466158970194,2.8588996119668297,5.717637825595372
417,-8.561991039558903,5.717134794685858,-2.845908572512969
418,-8.56145502501736,5.716379552731603,2.863295645214305
419,-5.717339015020301,-8.565564190246558,-2.8561257410089573
420,-5.71339536333858,-8.56535533617724,2.8592173252850968
421,-5.715228600655358,-2.847378480921061,-8.567291031507544
422,-5.706477799236945,-2.851400129316349,8.572772168807703
423,-5.712527113861391,2.8657537628659555,-8.564294842024784
424,-5.704116394607683,2.8588308755487146,8.570544308531709
425,-5.704239819860948,8.569791409192408,-2.844251588998234
426,-5.699070543444696,8.564074516370447,2.8655266017593837
427,-2.8674889603374365,-8.567380809570842,-5.718867019296505
428,-2.856749989359172,-8.565959839202783,5.715222753717727
429,-2.8626297238372382,-5.706993570334285,-8.569581057917112
430,-2.8551832024929413,-5.712501551972385,8.572786291333998
431,-2.854569584127908,5.7193545881716386,-8.563926734992672
432,-2.837837301951211,5.703361441780502,8.565532837362808
433,-2.8516872152711095,8.570755335082366,-5.703953742689546
434,-2.848539692242655,8.56638564784309,5.718477787001837
435,2.8504708684794156,-8.571826642191292,-5.720637681774356
436,2.8592197143977134,-8.56544739155547,5.7105460341427525
437,2.851414834521895,-5.709429326249262,-8.569604031679537
438,2.8574693681495047,-5.718797766344191,8.570827631667884
439,2.858664140144555,5.7167980114415355,-8.564302136308141
440,2.8784509880036397,5.692224412367931,8.559051860724052
441,2.858274475228746,8.570905533103389,-5.706956930838517
442,2.8632031057156286,8.569275867999906,5.713991046214329
443,5.709013926285912,-8.571624972230094,-2.8638544591850756
444,5.7118314163271675,-8.561986250290735,2.8447186825592428
445,5.7109957733590955,-2.853695806532004,-8.56675876812683
446,5.7111610541996765,-2.8570743851716727,8.573889828732352
447,5.714150758739395,2.859608551867099,-8.564987195953393
448,5.708929233024448,2.8792669381943075,8.571309666168323
449,5.713120983014016,8.570170183085976,-2.8511426633412267
450,5.716121794049619,8.569381480116151,2.8574146065978208
451,8.566343708337053,-5.733348129618706,-2.881884367385068
452,8.568116422431485,-5.708418377185941,2.8845011738803477
453,8.570415863454075,-2.857023516362208,-5.717114701492925
454,8.564302333569692,-2.867630459828867,5.718451460643373
455,8.570458177491092,2.858138746730694,-5.710038007020634
456,8.578519231208686,2.859778915599124,5.7155861839867095
457,8.570136796655007,5.715114937620808,-2.8545315584712547
458,8.571105958283626,5.716807598457256,2.85557012203538
459,-9.991536417825797,-4.276950247115555,-1.4236792228926007
460,-9.991347718723924,-4.277961146927417,1.4320103305981229
461,-9.99144105306218,-1.4199986655960442,-4.2781304445254635
462,-9.99097055350647,-1.4234592664053232,4.288194989899069
463,-9.990983166162657,1.4356225986769913,-4.276893454636739
464,-9.99087000038618,1.431755277317346,4.2890495344082336
465,-9.990116033296987,4.2892823221534755,-1.4198041841684632
466,-9.990266622037716,4.288127452566309,1.4351161066079114
467,-4.2888455041245255,-9.995083206766664,-1.4270543552797124
468,-4.286645766102585,-9.994183868463608,1.4303205902155884
469,-4.285956322987491,-1.4198765924050005,-9.994219172597068
470,-4.2690209436719675,-1.4182760319903582,9.992082456340729
471,-4.284340142347582,1.4363908519259245,-9.99353644483472
472,-4.274119490020466,1.4264555373162728,9.994973664522883
473,-4.274951975102132,9.992570951599438,-1.4164803723836188
474,-4.275911431864992,9.994847834252147,1.4344434354421671
475,-1.4391946096155235,-10.000334190733302,-4.291067310328466
476,-1.4301618294947602,-9.994647481401987,4.2871091407377575
477,-1.431171760278244,-4.27795188187183,-9.99440317670165
478,-1.4247601900713551,-4.281060505589249,9.99888458500568
479,-1.4262457776624724,4.29057128223852,-9.99257647326361
480,-1.4191431045884797,4.282974126169491,10.002886572007029
481,-1.4239352242922334,9.995797002568803,-4.275496531464937
482,-1.4205843642052443,9.997630616316414,4.28709109508637
483,1.42239165676416,-9.998214484643208,-4.291139835620096
484,1.4279837182321844,-9.993164363976772,4.2854284164776955
485,1.4257866729276216,-4.27931841482313,-9.993655266926465
486,1.4264588902354958,-4.289069883305985,10.000201302683347
487,1.4302360786894428,4.289188157125345,-9.992114879875235
488,1.4494556368268305,4.287195717593597,9.990387447148002
489,1.4306441791710325,9.996397949833472,-4.277137044757092
490,1.4354205834809872,9.995847107634697,4.286035788225595
491,4.281895722105522,-9.993416662641874,-1.4314929513276806
492,4.280868895594177,-9.990841795376651,1.4241784870597178
493,4.284020406405088,-1.4242830171102825,-9.992077039281357
494,4.293537717537237,-1.4416111780316705,10.020864894537567
495,4.285426506951215,1.431924111835801,-9.991831035536453
496,4.287137966945462,1.458769266242684,10.001901534283364
497,4.283577307130248,9.993710713780796,-1.420164885895772
498,4.2858394505759785,9.995274136899834,1.4316019873281203
499,10.059921951293894,-4.339157351840647,-1.495513933310644
500,10.006260086636683,-4.298600004973757,1.4481322888827541
501,9.997818200255884,-1.4237745392551786,-4.287270980266603
502,9.996617843508933,-1.4414410922890593,4.289349480216834
503,9.996571400514984,1.4289079555465578,-4.280449443961429
504,10.00620683660509,1.4306402043615294,4.282655090978267
505,9.997715566088356,4.2853881128221625,-1.4279997019283515
506,9.998566246321895,4.289722645619613,1.4254454707239104
507,-7.142392242634788,-7.1359382633390895,-4.282898774473745
508,-7.138744617302585,-7.136530937510024,4.28787410039574
509,-7.141801521119006,-4.276823919765006,-7.138497401711178
510,-7.136227936160512,-4.279682257670387,7.143975836906949
511,-7.138009818981479,4.2920570881251,-7.134839257781391
512,-7.134034131807984,4.287200333237317,7.1442914296319975
513,-7.134814043713957,7.144272623725982,-4.275016545470216
514,-7.131597334438686,7.141393035783932,4.291113603699444
515,-4.2909294148824255,-7.136748401348702,-7.142610683200841
516,-4.283268958262798,-7.138148628461498,7.14373261536027
517,-4.281229933913728,7.145332915178328,-7.134375052251097
518,-4.256622122142289,7.122380408643946,7.12834373100791
519,4.281696621844987,-7.140454591657694,-7.14423997943561
520,4.290178396571579,-7.134951877704898,7.13448254631062
521,4.286783252595865,7.143728032278914,-7.1362160764929765
522,4.295012000945708,7.134924346799413,7.148901909561491
523,7.138251691407189,-7.1476706767293425,-4.295143639787329
524,7.133476068120242,-7.127370959691712,4.279516646644715
525,7.140809136654376,-4.28347420006408,-7.14178480224847
526,7.134564916367318,-4.279884195775975,7.134555527121804
527,7.142848333957668,4.287351979879618,-7.137176085663635
528,7.131445375269708,4.277720908714412,7.13639484735657
529,7.142224830305267,7.143398138453745,-4.281011261616086
530,7.1403593927116775,7.1395517148257825,4.289806327893363
